group,start,end,depth,length,start_fix,end_fix,is_start,is_end
1,1,1485236,1.0,1485236,1,1488328,-1,6
2,1485237,1485904,0.0,668,1488329,1488996,6,7
3,1485905,1968467,1.0,482563,1488997,1971559,7,8
4,1968468,1977701,0.0,9234,1971560,1980793,8,9
5,1977702,3867438,1.0,1889737,1980794,3870530,9,-1
6,3867439,3867520,0.0,82,3870531,3870612,-1,-1
7,3867521,3939927,1.0,72407,3870613,3943019,-1,13
8,3939928,3942236,0.0,2309,3943020,3945328,13,14
9,3942237,3977333,1.0,35097,3945329,3980425,14,-1
